$ANSIBLE_VAULT;1.1;AES256
62356261306130396330336162646639623364383738373130613337393338353335336133656137
3435613066393865613030366334353362313438303037320a663864313033626565373963363066
63366433346463353237613331643533323735356139656663376138646632636265303266356666
3961303063383865350a363730626239303366323166356631613233306334363536663133343866
65343864346438613863663761336633666363373261323533393032353438383935663139386337
32666230333930373632633566623839633033623236386632613535333665653338633838333039
30303935616237313230316637643936336162656136353862353365333137613065636434373036
31353439373666323239336562373730303962636532626233396534373032353638363163343632
35663837373831363635363136386639356337623764386263323863613666616462616339346565
63353533323061383265353739303364613535393937646132376135643632653933383330396630
66363337316461383261643431626665376532653830343935636636616535376533383965333133
64306630323466353239376439313635373737633138316236333663613834373161616132306365
39336130333438343538303837646339353637343239316232396566613766653661626561613731
3262386234393765643031663237396230646164376234386563
